37274
37276
37283
37285
37322
37620
37622
37964
37967
38637
38639
38640
38643
39345
39353
39768
39769
39880
40171
40172
40179
40601
40602
40746
40844
40845
40846
40847
40984
40985
40988
42194
42370
42727
43439
43554
43555
43584
43594
43664
43748
44384
45169
47687
49318
50704
51009
51010
51011
51012
51013
51014
51015
51016
51140
51654
53405
55354
56524
57081
57082
57083
57331
57420
57909
58238
59197
59706
59709
59764
59766
59767
59769
59770
59771
59942
60843
61083
62288
63466
65400
65757
66484
67497
67524
68199
68255
68371
69056
69057
69058
69689
69979
69980
69983
69984
70060
70114
70944
71709
71761
71762
71763
72189
72224
72225
72326
72327
73435
73739
74151
74449
74455
74471
76053
76056
77013
77015
77021
79183
79428
79851
80084
80086
80364
80748
81129
81130
81131
81132
81133
81307
82058
82170
82380
82471
83167
83720
84512
84639
84640
84641
84642
84987
85440
86240
87355
87721
89449
90279
90432
90434
90435
90437
91142
91915
91917
91918
92832
92837
93101
93107
93108
93109
93545
94139
94146
94149
94150
94152
94155
94158
94733
95488
95489
95807
95808
96069
96771
96778
97596
97597
97939
97941
97942
98017
98019
98020
98021
98763
98765
98767
99912
100423
100894
101634
101635
101636
104445
105687
107389
107390
107392
107402
108620
108858
110029
110030
110031
111013
112998
112999
113866
113867
113868
113869
116065
116066
116069
116070
116072
116076
116878
117949
117952
118032
118034
118297
118304
118306
118317
121397
121398
121399
122551
124034
124036
124039
124040
124358
124360
124373
125947
126195
128350
128640
128915
129992
130017
130973
131969
132434
132438
133994
134630
134631
135216
135364
135806
136397
136404
136935
139764
144106
153956
153968
158249
162282
163758
168074
178340
186541
187279
187280
187281
187284
199820
200003
200005
200074
200079
200081
200689
200690
200691
200692
200693
200694
212135
212136
212138
214249
214479
215991
218730
225940
225954
225973
227387
227388
229598
229604
229605
236171
237623
237626
237634
248185
249518
249519
249521
249522
250739
252614
252632
252640
255172
258879
265730
269800
271868
271873
271876
280278
298593
301920
303901
311329
313875
313878
313879
313882
313883
313917
360067
366727
367343
368147
368148
375240
375244
375254
375258
375268
375269
375273
405822
409624
409625
409629
428603
454346
472001
472011
472016
472017
472038
472089
472092
472094
472097
472106
472112
472114
472121
472123
472132
472134
472140
472142
472168
472180
497978
502009
564455
593380
593381
593384
593385
593388
621686
635747
662071
669964
673783
702386
702388
702391
702397
721775
735907
740391
740392
762586
762596
762600
762603
763714
780014
780046
780047
789069
789073
815476
816583
827639
827640
827641
827772
840364
856326
856328
856333
856334
894828
894829
894830
894833
894834
956669
958471
958472
958473
958474
958475
958476
958477
958478
958479
958480
996796
1005285
1120761
1120762
1120766
1120767
1120775
1120779
1207651
1207654
1207658
1207660
1207663
1288651
1288652
1322465
1324574
1329184
1329185
1329188
1344051
1356634
1356640
1356644
1387346
1399249
1417953
1417954
1417956
1417958
1417959
1417965
1417966
1452672
1452678
1454388
1454389
1464289
1489593
1519467
1623064
1706461
1706462
1716286
1717684
1717685
